3206
7404
5120
1692
354
6415
3856
7427
5094
4854
4992
2109
4443
710
312
7359
6786
746
1106
5439
4801
1566
4201
4067
3637
4222
145
2445
6939
531
5042
3778
3215
7425
5128
3645
6954
2929
4786
5897
1098
43
6319
2500
5038
6263
850
5805
2963
2621
5814
1222
769
6703
5452
690
6937
1247
7341
4434
4345
6569
2778
3668
7375
4774
7009
765
6576
1782
7337
1658
1621
7040
3607
2497
1328
2957
2236
4726
6926
613
2738
6479
3028
2328
2199
2226
3646
6814
2336
2118
3806
536
2535
3776
1432
1323
5992
7208
1754
4836
2648
6646
125
3487
5871
5541
6911
5661
6304
7007
250
3319
5875
6906
5340
2418
5316
5899
6864
5142
479
7189
4578
4515
5299
1045
418
1793
605
3786
6321
823
5473
5513
6317
6955
1276
4321
7116
6340
1103
279
1653
3396
4484
3179
2871
2862
6827
950
6628
1075
1644
1819
2579
2408
1097
5449
2961
5561
4733
5215
3321
7209
5343
1549
3079
1827
4440
6654
4224
2949
6286
2100
3428
2435
7001
2875
3758
6886
489
5634
5269
3485
3067
1132
793
5044
5562
1909
4075
3379
6267
4872
1898
4912
1795
3970
5530
5259
1507
3996
4585
518
4740
990
1845
3753
1704
3892
6787
7374
5173
3512
5257
6915
6156
7212
3411
2001
6189
2051
4156
4962
1297
3136
2790
6795
4153
3280
973
1331
2651
6965
6231
2514
1986
1736
3252
4905
795
4709
3559
1558
4763
7179
7132
1512
6282
7395
1160
3468
7080
131
4480
1478
6550
6110
2183
2522
6990
4665
5408
1852
6371
2838
395
109
4464
7021
5071
5353
2361
2002
4922
4877
4751
4229
2823
3986
4960
3440
3682
2250
2348
2452
1818
2130
5136
3503
4466
4336
6957
4243
7350
4152
6154
2307
977
6621
7347
1934
3022
2014
4888
5271
3369
1017
214
7195
6585
877
2779
4189
6543
1221
5115
5507
711
3730
1967
1876
720
6064
494
3429
3685
2247
3213
6908
3816
206
4306
7332
634
4650
4018
5586
2583
3399
4170
261
5784
5648
1183
6195
1310
2443
3016
7210
6816
7335
4192
2413
2755
5748
3509
3539
4334
5025
93
34
6477
4828
6170
2085
5334
1189
4814
3591
70
3964
6962
5689
6331
5189
623
2487
545
5663
6075
1979
828
4616
3957
1623
3193
5234
3039
5275
154
5707
5706
5228
4953
801
3885
69
6658
3568
5708
907
57
324
1745
1561
1983
2304
2584
429
995
911
3717
2386
4132
6644
6434
5859
5091
5564
596
4098
2807
5552
1714
3656
2909
4069
6837
2104
2744
6802
5752
4542
3365
2645
1630
326
6003
6431
4956
1317
4413
3747
4247
948
578
6312
4340
215
4097
464
3134
3151
3594
5129
5500
5137
4754
3283
5528
4047
1115
1123
2553
6972
3911
3665
4370
7024
6600
7305
6810
2700
4927
463
3438
47
7103
1975
5646
6433
3356
1490
5030
5576
4341
6968
2003
6336
1207
6852
1911
4999
4094
6378
1022
723
3606
6380
3
7029
3000
4319
5282
1887
6745
5491
1407
4378
2441
3357
64
2996
1751
1642
3447
6001
38
4549
1280
6549
2732
3069
5103
5653
2028
3457
979
7473
1572
3304
6402
1155
6682
2662
1422
2524
5993
4305
1969
5391
7231
2198
3368
4086
2704
698
1691
5903
7435
6265
5055
3942
6160
838
2773
4311
1560
249
3126
4600
5326
4439
370
6950
4638
5070
3099
591
431
2764
3609
2233
4282
6176
6256
7086
1966
6318
867
4958
2382
3687
3901
572
6259
3464
189
6749
7055
988
2391
929
4975
5211
4085
7333
179
14
4790
5801
7113
5476
7410
421
5296
5167
3723
4782
6089
2072
4602
6534
1078
855
5631
3372
3663
4739
5755
5270
5650
4044
6281
6673
4157
5446
6296
1105
5454
4965
3210
4182
5612
6727
1404
2274
150
6040
1029
2780
1874
1122
332
27
6560
1917
35
4541
6325
2901
947
4099
2607
1285
567
3032
992
4188
1555
1074
3105
6039
5883
5465
6790
3157
5412
863
5984
5305
1501
1775
6461
3263
5214
791
2196
5956
3610
3675
527
426
766
585
4990
2272
4326
6208
6724
2678
4140
490
1144
6382
6157
2557
3728
2714
4903
6856
6444
4812
3945
7373
3654
5963
1557
7185
6637
1959
6730
1391
679
3820
6272
5602
6539
5599
168
4797
7307
6847
6476
4270
1185
4361
1068
4538
3373
3166
1686
461
124
4822
4811
1187
2252
4947
4045
4199
6269
4846
1656
6887
3247
18
6364
2707
2191
6413
2415
423
7417
4852
4988
5636
684
3840
1370
4855
6080
1853
4164
4138
6496
792
4394
3097
7017
897
1926
2750
2911
5161
7380
6320
1882
4545
5712
5006
3632
5527
4360
4703
4518
686
1139
133
2745
6556
3265
7056
6099
1469
449
2231
5643
6881
6004
2550
6194
5358
1450
7188
5227
1539
1147
3183
4981
7413
4342
2365
4835
5243
4095
6303
7010
6060
526
2064
307
7143
437
2480
6360
2131
3043
4450
2371
559
1646
5512
2042
3550
5231
3976
1784
4544
998
2340
3386
3861
3038
5873
4529
4329
7245
1168
3475
2565
3669
1039
4928
5073
1421
4526
1272
3297
2451
4313
3150
2006
4468
1970
5731
5582
5421
2687
4196
1120
514
840
4456
6782
886
188
513
75
609
5717
6633
6398
4119
3019
6607
2789
2268
4719
1731
2219
1865
7283
6488
4286
635
4108
6603
4863
4351
357
5733
3225
2769
6356
5686
3734
5864
2649
4560
3867
3772
1810
6492
1723
4692
2511
6014
396
5835
2090
4154
447
2128
507
1778
187
4193
7172
4612
4810
6381
3352
3208
302
3270
6086
4338
67
1253
6112
1412
1768
5990
51
2424
3983
402
1176
3998
6348
2387
2178
3168
5349
4634
6503
4015
503
5016
183
1289
3023
1699
6262
2055
4695
2481
1243
599
6462
2184
4268
5194
6618
5907
2339
4038
2529
2606
1169
91
2608
4344
3045
5757
1504
669
5673
3769
178
1018
3302
398
2215
6125
5939
2626
2169
7479
7466
7133
2438
529
5281
3552
5606
2075
2029
6855
1678
600
3274
7389
3876
5828
230
5857
5176
3733
3793
186
899
4476
2446
3729
6024
3955
4704
2275
5771
5662
6747
6712
2409
3657
7052
580
4632
3091
3403
1650
1150
4160
5509
3742
2503
1755
5434
5183
1645
4864
6037
1494
6177
21
4698
120
6308
3546
4023
5677
274
5252
6258
3836
3220
1088
6374
2847
5626
3268
1631
2611
6732
2642
826
3971
1556
1532
1383
5077
4436
6468
3599
4368
6652
6510
4256
3173
3827
6009
2416
4785
7184
1591
3120
2458
3098
6106
3384
5668
2556
2684
2505
6234
1213
5535
517
4882
4901
4142
259
4412
5307
6373
7352
6989
4444
4245
5166
881
1171
3541
1215
7294
1291
7250
2572
3583
2205
4789
1610
2283
4228
2559
2575
6564
6933
5539
2412
4063
6438
5
4120
1271
6310
2772
2735
6104
6031
2521
4825
190
2256
5251
1860
2378
5336
7302
6329
5376
161
7107
1998
5321
5593
6963
5249
1345
4787
4521
682
6659
7268
7059
4691
6333
5516
1542
1218
3354
5442
3243
2517
6537
6143
5165
2792
7106
3766
556
7138
5226
4109
6515
2027
6593
4794
522
3995
7039
5308
3115
1726
103
2103
660
3620
7440
5587
1027
3015
4357
3286
1468
5354
6936
1906
5341
6423
5217
7322
192
5431
3917
4474
3904
5616
2955
1173
2142
6301
390
6114
6159
6323
2383
2208
1920
4116
3771
4180
1372
420
5440
7190
2567
2628
3129
2763
2580
4149
456
532
1262
4761
1114
3524
2828
4974
3031
3488
3763
6519
2659
1747
5589
7216
4003
2983
3938
2493
7459
5785
4346
5361
4404
3662
775
3906
681
2979
6643
139
4184
6204
2125
5575
1200
5923
3636
6641
6494
5453
4070
4040
5938
3472
6368
6020
3089
3538
4749
3585
3424
3444
7428
49
1026
3107
6929
3947
6544
4246
5517
2087
4103
2143
407
4605
3180
6165
3529
4143
1570
4664
6274
5533
6404
5888
3708
4333
6422
7441
3460
4557
6529
1447
5861
5638
4661
5368
6142
3044
7255
994
7290
264
1462
2569
1036
2491
410
3036
148
1079
3170
5724
2329
112
1620
1923
5143
2013
1305
4131
3698
1813
1454
5198
797
1535
4492
5514
2589
2760
3799
722
6934
866
5736
6095
3405
5812
618
701
4255
4569
919
346
453
6175
1143
1602
4848
2719
3915
7390
983
4217
3162
3061
6216
7069
7405
4016
2171
649
6127
5031
6349
661
317
1592
4736
2681
60
1947
492
496
6583
373
2705
2039
4384
3808
1451
893
3858
5537
3927
3627
5865
6988
3037
212
4173
2947
1586
5946
2729
5675
1873
6820
1956
7299
6448
2945
1295
1554
6872
3469
2601
5693
540
3630
3312
4028
555
5032
7470
1710
1047
4046
6840
7066
3566
5117
475
6084
535
4414
2474
140
3033
6613
2141
6475
4435
40
7354
5762
4179
2667
5718
6997
3802
6213
4252
2214
6008
829
4520
1962
5162
4159
1531
1199
1527
7175
2120
2403
3320
1763
7044
2801
4486
4054
6889
6456
6910
7075
4620
750
7028
4772
4603
7254
4977
4552
3684
5670
4128
5944
4850
79
352
6759
3427
4366
754
338
3106
1905
630
430
3926
4899
6861
5855
5248
3264
2484
3330
1252
4208
5416
3042
1019
375
4055
3623
6460
6918
3935
4495
6985
2507
1576
4721
4410
5925
3767
247
4783
460
6205
2993
4111
4332
6978
6242
4895
3169
5417
962
918
6341
2653
6947
3246
3853
24
3315
1192
6867
7418
1870
1166
779
7300
2832
772
3725
6565
5945
2230
1366
1614
3021
1134
5783
5934
2025
5960
6307
4077
4167
4527
5241
1442
4617
2822
4232
676
85
2291
2134
1242
644
3752
4397
1406
2752
987
2018
3699
3724
2174
3006
6588
2295
4770
2152
3422
4066
4873
5932
4060
1651
4722
6207
4273
2614
4181
6767
708
2610
5691
608
7253
4656
1424
6235
3672
2058
7285
1499
33
3081
5515
4568
4135
1999
954
4561
3822
3587
2448
2695
4396
4488
2024
6907
650
2948
4989
6369
4280
4408
904
4290
82
2062
7232
656
549
3556
2281
4115
2819
7225
2959
6079
3605
6771
4475
4101
4079
7149
5329
1946
3991
7331
3012
4271
7093
4833
6817
1927
1964
776
1352
1101
2950
2921
7224
1439
6630
3850
5911
4057
4971
4221
5317
3221
1634
5569
999
5499
5028
1054
5288
1509
734
554
673
6674
5604
4808
2430
303
3962
3859
3484
1464
6663
4853
5973
4566
5216
767
1313
2894
3328
197
1196
4158
4317
2262
484
6789
3423
2805
862
7438
5426
1649
3999
544
2098
5854
2099
2426
760
5601
3826
498
4377
1357
3237
612
6137
3434
5208
2368
1063
4683
5674
1361
3787
1003
4957
7276
7168
845
4784
7424
7452
3575
1369
3142
3534
7313
2836
5816
6566
865
2639
6625
2472
3309
2417
4388
6509
624
6023
4884
314
5418
5244
234
1001
2023
6339
4629
4599
2796
5950
7262
2498
4551
2685
3143
937
1879
5351
3132
6841
1640
2261
5285
5490
7433
6597
6072
4041
7419
3074
2234
4207
5819
1250
6346
2600
3282
3751
7219
3231
5625
2702
6421
3418
2588
7027
1384
7118
3285
221
2860
1837
5462
3598
4547
4565
6943
1117
5193
1309
2534
6027
3948
2093
3517
1994
476
5063
2962
1452
2597
7281
7073
6316
6917
1748
3839
6958
368
6361
7177
4106
5856
245
3035
1108
3887
3051
6839
4037
6244
2102
3597
5024
6979
5293
104
3755
1059
5164
4844
4367
7144
4935
1414
4627
6723
3024
4639
4124
6694
5352
2097
2554
4134
2612
617
3466
3140
4162
6752
4693
1567
1580
4532
1862
1717
6292
3677
4017
6578
2468
4185
3549
6783
579
1198
7239
6664
1363
5082
2655
857
7273
3954
2223
6804
3426
1121
6105
4053
4933
1849
6094
3860
6030
6681
4076
3398
4949
3704
6522
363
6850
6288
4973
5132
6
4339
1410
7330
1913
1201
2953
3112
4655
5600
2558
647
6843
2849
2375
4672
5389
3101
658
4924
1825
5174
5362
5551
2787
316
1493
6299
1619
7422
1777
4039
5572
6743
4641
912
5986
1214
4032
3896
5403
6966
2297
141
5331
5108
4642
3269
5758
2459
4006
777
4052
2165
7475
2370
4473
742
4793
697
3530
4
5290
3768
195
5876
1545
2677
1694
335
4308
4275
1914
4166
4187
771
6708
5949
2775
5791
5059
4318
4543
3990
1197
5782
5546
5172
4805
6298
1759
7200
6484
2784
6158
3741
3934
5981
6523
5786
6740
5695
6792
887
4564
2541
6015
3900
4472
7153
6511
211
1112
6497
6803
3527
5474
4972
5669
2525
5233
6225
37
143
1988
2618
2201
6470
553
5151
5168
3461
6548
89
3141
3781
6755
4869
7006
6129
1364
4012
7415
3431
4174
1266
677
6483
2839
3244
5749
2470
3557
1521
2362
2797
6675
6392
1847
6117
4803
2372
1067
29
6353
3580
7372
3471
2333
5495
6332
3780
3064
110
4660
6999
5940
6113
4930
1336
2748
3389
1916
44
5287
1750
1443
4498
5722
200
5258
3376
3910
213
3290
5845
1989
2343
3018
2216
4951
3865
628
1487
5756
4576
2318
4580
2462
7191
2082
733
5885
219
1683
3387
5444
2084
590
1881
5641
5969
337
1014
7396
5047
7378
5367
5596
3207
1689
5000
6609
4462
6389
1596
2923
2602
2032
5778
1477
6634
1080
388
113
6626
4906
45
1356
879
2323
1826
4058
4362
6741
7019
2482
5851
3770
3797
1172
4662
2934
7361
3338
3349
1261
5927
1287
6623
1251
1492
2981
6218
619
2363
7146
6034
6370
3494
7403
1553
6046
2727
284
891
3481
5489
485
5886
6863
5639
6132
5679
2673
1877
1448
1799
2111
3686
3241
374
2598
5773
6196
356
5068
74
7312
5793
6211
2802
3968
1708
5488
996
1446
1348
7248
3307
7443
3500
3547
7288
7145
3178
3639
3284
5106
2397
350
6486
4766
5087
358
7365
1403
3870
5942
615
712
5794
5312
6141
228
1429
146
7249
4209
4401
1153
4861
3480
108
4968
7171
3622
1791
2471
4760
4293
341
6174
4967
276
1814
5895
1130
2886
4299
3144
4165
6465
5924
4349
631
6201
1563
4604
6793
1808
4355
2938
786
1460
3631
3576
7412
1431
4712
5611
3351
778
2528
7369
3875
6909
3595
2299
4725
2998
5304
4867
2930
5699
5277
7366
7092
7258
4137
2086
3969
292
6620
2661
325
1600
1083
5485
1520
3674
2490
2037
603
2138
7304
7246
5622
5746
5339
1617
400
3694
1675
2139
2899
4911
5007
4272
2896
4112
6574
7060
3602
3923
4983
9
6025
5394
6987
1481
6482
5223
5405
1488
5592
7102
2306
4460
4291
4307
1654
2931
6290
6976
2710
5521
7306
2751
2815
1038
6120
7344
3072
6394
2739
1892
5300
4463
1863
1724
3703
6812
1705
367
6048
5468
7308
1417
6638
2132
2407
7186
4363
5764
3298
2664
2322
5098
7135
1415
344
5904
7166
502
6669
4249
1148
2994
2335
689
2782
4242
3661
3118
5423
4621
4649
4048
601
6901
1307
6471
6163
7280
6758
6919
7000
3371
1803
860
7244
7431
1320
3054
942
2940
2578
2907
4172
6214
2181
814
411
7477
2633
4497
5613
4768
5889
342
807
5710
1547
2851
6164
537
4598
1308
5225
306
3511
4031
6036
6833
6032
5247
462
5744
922
4694
654
6066
4601
2713
6685
1343
6986
2202
7101
2757
298
1035
7397
4126
6945
2665
3977
3707
216
940
6905
6458
1353
4029
1697
7296
3731
4584
238
4714
5335
5715
3553
1465
6417
5823
1332
5970
2279
5839
5598
1458
6190
1867
5378
2663
3202
6414
399
6309
3660
5037
945
1420
2874
3311
5163
1511
5498
1589
4874
5826
6277
5159
2669
3449
7279
1552
6264
5941
6935
3336
7018
4929
1293
2927
4418
4372
4731
5580
968
508
6090
785
3877
4728
6324
2461
5761
3854
1828
6306
5735
4202
1978
7277
4183
340
4858
6561
5139
2812
6913
4925
511
1679
5953
2425
4496
5849
768
4371
2030
2698
3235
4879
3377
2245
5700
3448
5114
803
5655
6390
2347
2180
6383
699
5543
2061
7163
5035
740
7234
5058
3400
4477
4510
277
4806
5180
2540
7362
6278
251
4093
2566
7233
5690
5656
6480
706
4597
4358
4260
2258
5345
6144
3034
6103
4218
111
5104
5913
2045
5134
6849
3617
6052
36
5411
3570
4398
5344
1664
5315
714
1158
5463
3200
6800
1684
5246
2891
6671
6454
1515
6805
3375
1762
2730
1240
3090
4815
3486
4150
1423
379
980
7181
533
2464
577
5579
499
5838
128
26
784
4804
611
7260
3737
890
428
2799
5478
1767
808
3040
149
5754
1365
2352
4203
7328
3025
2674
2043
2619
1598
96
1801
2263
3256
1470
4269
2324
4004
3267
5149
3940
788
2594
4234
986
6245
5520
4467
471
2358
782
6611
1955
589
2788
1339
6846
7267
4890
6975
5617
903
6451
1156
68
4087
6493
6690
233
427
4758
5004
2876
5917
4089
97
54
6107
3413
5994
193
5912
1581
6738
2270
4310
6960
1140
1402
4891
5470
2071
7371
3383
4887
2531
5777
2294
3960
512
3652
1118
5972
1856
5789
525
2095
1418
6925
5936
820
3077
6639
6525
3667
7346
7137
2785
3459
3648
4530
220
5260
282
6536
4813
2092
184
3721
6210
1522
5705
3792
6869
1004
1662
6452
1583
330
2786
3122
1227
491
1749
982
868
3932
6220
3121
5066
3093
3453
6595
7206
5089
1682
4043
4752
3874
1340
1944
6842
7434
3217
2701
5019
3712
7104
2915
1241
6424
4323
1457
6970
270
4431
4061
4673
6857
6229
392
5072
1815
5203
3572
620
4191
6670
3943
4082
13
1113
7167
4469
7035
6992
3053
6279
5820
3989
1758
506
5348
4839
586
2369
5074
4792
5796
3715
1701
2774
2450
936
2088
4059
5682
5713
4724
3007
1268
747
488
758
1225
4446
6270
5926
3944
5555
3973
6660
2255
4842
1769
5333
353
6718
3435
1162
2768
481
3147
1822
3574
7381
1833
381
4416
3316
2585
4777
6791
6230
1618
3863
4791
6882
3777
2623
6610
4826
1012
685
5804
1257
6408
1577
6996
5480
6526
5041
1698
5009
4970
1900
127
5797
2624
7067
2692
170
3359
5975
81
1138
1743
1716
4315
172
1136
235
4127
1042
5957
7463
7015
2709
52
2265
3835
1395
1805
2697
7325
4862
1941
4213
7327
2972
4267
2817
604
1536
5767
3401
6344
3719
5502
3994
5359
2192
7323
5623
4614
6650
361
4582
4841
5683
5983
882
4027
4687
2571
2453
1829
4025
466
4666
6951
2349
3203
6045
6115
2810
6760
1092
1588
5200
122
3613
1963
3167
933
3884
2249
1861
2869
2724
2912
2722
709
648
446
1907
4441
1338
3765
7406
693
3047
561
4619
815
5540
5640
7071
4507
6983
4595
6439
5371
7159
2753
454
861
455
622
5190
1116
1608
583
5629
6275
1388
6932
2373
6010
5424
6662
2771
1719
2467
657
2576
4415
6873
1952
2341
2765
1053
4494
1872
1368
5487
6612
5524
2759
226
969
3905
5372
4337
1020
6602
5841
5829
6961
5266
6715
3085
6445
6172
1652
3382
334
5741
5738
7223
3011
4235
6916
4064
2052
4427
5872
3535
3649
551
4065
5547
7
757
1935
2007
4717
6193
6859
3916
2908
1330
4943
7157
6684
2406
5894
6971
169
5878
4732
3175
6635
4215
5792
4145
6785
1647
5505
1044
6167
5133
5085
105
448
6656
4516
1084
4523
6295
3907
5810
5057
2816
6617
2235
3554
1334
2253
3773
414
4592
2903
1232
7382
3975
5001
7142
6995
763
5997
1425
6081
1945
7442
809
4829
6665
3736
1258
5448
3658
6342
1672
386
1440
4830
1444
320
6335
6474
1325
7388
5620
7161
6991
5618
1382
347
839
5471
5374
6338
610
5723
5178
2683
5060
3536
6209
5330
5388
2537
6233
5283
2351
5497
2366
5150
4952
4376
4916
6257
1518
4886
5780
1277
874
4680
728
6680
5774
5667
751
3814
4223
1263
4284
1875
130
7215
655
4540
2124
2105
2693
3701
1809
2926
4657
2246
2182
7117
5213
4107
5433
805
5286
6616
2473
5806
541
7446
3864
739
2197
1665
6069
6903
5985
4880
308
2211
1597
2689
5959
1111
2309
5893
4512
7088
1866
2395
5506
1437
944
6589
7363
5218
1517
160
2147
3308
3214
5818
6651
5289
6693
875
1316
6649
2244
5373
2591
4699
7334
3300
1073
4668
5383
4697
6677
6499
6508
1996
4945
7051
7082
6043
4556
5110
1091
83
6704
6250
1578
2338
3273
6122
806
5310
297
6391
1663
2277
4554
2353
1990
3891
7141
6757
2495
6788
565
4437
2686
4716
5400
4485
5154
6733
100
336
3152
957
6982
5107
2856
7471
5332
6330
4921
2176
1235
5987
5511
641
166
5186
632
2854
4742
5328
534
436
457
6111
1543
6294
4942
646
5401
5590
2096
2302
3573
4277
927
6766
3624
1016
3670
7402
6152
7370
3779
2881
1212
738
1727
4407
1096
1886
4824
5915
5370
257
2882
2737
163
3918
1732
2985
4885
2232
817
3218
2312
7123
4624
2314
2466
2177
6645
7310
1194
2040
3003
1798
1008
256
588
1546
2973
1023
5195
7264
3250
3408
5360
1184
6300
1355
4589
6224
3966
543
1110
6581
5703
4875
3333
3441
4104
3062
4289
321
6532
5732
6273
2637
1804
870
1669
5436
6756
6059
3497
5743
3921
5560
4287
3194
53
4392
1236
5721
6178
2440
5958
683
6629
4832
1400
1625
1925
3619
56
3689
1482
3195
2897
4024
5549
129
3272
2937
1274
2066
852
6563
1358
5184
1333
2831
4365
6822
5292
1601
1776
5054
2634
913
2494
2519
4950
6904
6442
280
7160
2574
4451
4316
4900
6580
4428
835
1685
495
6728
6780
668
1674
6297
2151
1265
5824
4364
3433
6599
3113
7275
4121
5469
1141
6877
6622
729
4771
908
7124
425
2595
3638
6322
7384
1688
4625
3795
5046
22
2616
2221
7197
2296
1930
3421
5966
5559
156
246
84
5971
6601
3596
1413
3846
6022
6416
1991
6019
1681
4026
4248
3470
4705
1163
3959
3937
77
7202
1049
7460
175
2749
3705
3325
2284
2008
2842
1574
5853
7147
3519
1203
6315
6769
5029
1033
2902
4837
7187
4865
2330
3096
134
6109
158
703
5221
6558
3738
3010
4909
5607
4205
1871
516
557
4210
5429
3153
3163
4239
6396
4859
4068
1639
5852
501
3233
5366
5568
7265
5404
4447
3197
7461
1099
6093
1191
6568
3133
696
6363
6504
5033
6830
3924
5191
4550
2394
3171
92
6557
6619
6116
2398
1159
7032
4723
5432
5402
1823
2308
4161
5384
3119
2646
3844
6598
984
115
2122
7243
713
1820
5250
4130
4757
6874
262
1670
1048
2337
1186
6899
5147
5772
5127
878
4741
1707
6517
5557
1299
6984
1843
5795
2858
3165
5385
7247
938
162
965
1435
72
2582
6328
1533
4659
4297
3451
7401
5265
3135
3586
3296
3533
7377
6657
6974
1609
5980
6198
6490
6247
3425
4072
500
5456
136
7391
1673
389
3825
58
637
2155
789
55
5447
1449
4237
117
934
2241
4918
2156
4206
7042
5921
3828
6343
6051
3972
2016
5493
319
433
2260
6047
6993
2356
2984
176
1797
7054
3683
2920
5603
5049
5716
7274
695
2545
5205
1337
2508
2679
6150
3159
5630
2367
5268
3965
1624
1164
7169
2599
5763
6824
5610
4266
5615
4244
3103
7329
3690
2422
6293
745
1894
6350
5483
3148
727
736
1824
1094
3696
4674
2728
2009
573
2877
4715
3331
4071
6472
4998
2656
3059
680
2212
4800
5951
7192
3621
4493
3838
3504
5692
6819
441
625
7450
315
6087
6197
1854
6706
833
542
2101
7457
2520
1939
1703
895
5815
6017
621
6826
6409
6076
2552
4780
458
3137
4570
3473
6779
3114
4765
5868
419
6354
2827
645
3800
1209
88
5141
1031
4610
1859
1135
6691
7393
7131
329
4449
3647
2867
1869
1687
5050
3540
2004
6866
2586
3236
7178
4944
6491
2476
343
4489
6959
6513
4776
1788
5642
2593
6742
6854
5398
2220
4588
1010
2081
3857
1659
443
4756
2504
5466
1551
2060
2206
2475
4849
2861
7451
5392
5751
5605
4250
2301
151
6888
7349
3913
5891
3394
6400
1633
4430
25
4144
5232
853
4820
1408
6459
4720
7453
2065
242
6261
3123
1772
3679
3847
3762
5011
2873
1238
2999
1765
445
3465
5062
3366
2115
5152
721
10
4092
5230
3555
6596
3963
636
6586
6705
2393
916
6185
2310
598
4330
6012
5930
6878
5253
1301
3216
6074
23
759
5413
4265
3323
6896
5536
1657
480
3788
3589
2110
2865
6667
6092
6042
3295
1302
2056
7430
1540
1377
4798
3581
3644
6931
2285
3232
1389
3542
4356
4241
6813
1145
4022
7110
1972
5477
4387
7090
4577
1569
5588
2731
1351
6605
3659
2320
2879
2224
4380
1066
3710
1502
7474
2723
5458
4178
5581
7236
5090
5890
1953
1516
1680
3149
1436
2293
5678
3185
2034
1021
4941
3350
3124
4648
4225
7326
2975
5827
894
3344
6058
5494
6885
6191
5831
5422
6726
5920
6450
4411
3525
6289
1794
4979
5393
633
4419
3695
5833
3402
2185
4658
3722
3223
30
5846
3697
3706
640
5486
4021
4931
7455
3939
3489
1973
4300
1783
7221
4409
5684
909
1392
1858
3922
1889
59
2433
1752
896
2068
1093
4009
5294
4005
3020
1503
5765
1981
7099
1942
781
1459
7319
6418
6520
1028
1807
3196
7126
4347
667
2804
2463
7409
6049
921
17
5496
6734
116
2257
2544
5040
6485
1584
3346
3363
2542
843
4747
3190
2146
6535
331
3278
5079
1537
5704
5245
3508
2063
4483
6796
2855
2020
6809
3616
3584
5467
6441
2630
2237
7014
5881
563
3245
3992
5571
6077
4727
4171
3936
6923
1180
4926
7176
6890
6799
2218
4985
960
6942
6200
719
4643
3001
3065
5298
1220
5556
2965
3130
5900
3750
3030
2976
2135
6636
1835
3029
1046
4843
3287
2239
856
581
5647
802
3017
1890
2530
5998
1043
3467
2613
3407
2967
6762
2228
4471
5519
774
521
716
4938
3305
1718
3410
4425
2898
2539
836
4997
6540
394
5144
5039
1616
3537
3843
2555
6013
355
5322
2781
6227
2766
4915
4402
4320
7091
2485
6026
1032
3314
6825
3109
2564
2699
5658
1061
4129
4511
2971
3817
2289
1149
4910
4240
7343
6002
6575
4470
749
5534
3458
101
1453
5435
6500
1362
3262
4453
2145
7339
2140
2172
770
4013
4204
7394
2106
5313
3984
8
5728
4090
3082
4553
935
1643
2377
2951
384
6302
2776
4465
6367
1471
2070
6237
4934
7114
1904
328
3279
3855
1034
4096
3189
2818
2079
3633
4509
1510
7180
883
6377
1480
281
1288
5210
6784
5169
2278
1766
48
6898
5578
1938
5379
2644
244
1728
1937
4586
3393
272
1167
5645
2326
6283
6818
5880
2833
6582
6614
1322
1648
4478
416
5837
2449
675
362
6453
2094
3692
3522
6102
7193
2919
4896
2942
1349
6770
2251
1335
3146
4481
7368
4382
7061
3249
5387
5346
3716
898
4343
1211
5406
5991
5790
6162
3071
3873
607
5834
3603
2121
707
5807
4226
5386
4902
273
7013
4035
6168
3756
359
301
752
3757
546
4579
6624
5665
6507
4893
1538
6425
4296
6640
1842
3505
5910
1635
3544
854
6521
3341
252
1606
2978
4788
5538
5428
3691
5844
1202
3928
1661
1638
1398
231
6516
3155
3651
2186
4393
4923
3452
6228
444
95
3255
288
5369
1312
5209
6851
4081
1475
5840
3014
3259
902
1786
3277
3688
6038
2523
2743
1746
2914
4706
4676
3158
3095
165
1249
3625
1599
7338
5964
2148
2733
5026
1912
7031
3890
800
6088
106
2852
1613
3628
7036
6062
1206
7201
7155
4567
901
239
7468
7049
4969
5036
2207
3420
385
1868
3600
2956
3615
1593
5187
2887
7097
5306
3526
5084
6388
2421
1761
12
3181
5573
6202
1702
2906
1977
3455
7068
4920
3342
2049
5096
2715
6203
1306
6473
1760
7047
1541
2108
5719
6870
5660
5355
6579
3604
7077
3578
7420
7183
3834
3785
2770
3980
5170
1713
7072
6041
3176
3592
4750
1411
2144
4007
2518
4105
2410
4762
5714
2924
3094
2982
5048
2895
822
6698
6252
2561
6949
7198
137
4279
2359
2826
5222
3192
1932
5570
1756
483
2442
2916
5438
1303
5450
924
291
2658
5760
7158
5078
3412
3002
869
5933
5409
1922
547
1974
1771
1984
6518
5701
2747
7022
2820
6555
2811
1373
3810
5377
1233
6714
4381
1244
1834
4954
1838
4122
5056
2680
435
2573
1077
1393
2078
4008
2650
574
1405
798
5254
1500
4438
5523
271
1124
1359
3260
4679
1344
5414
1893
884
6773
3005
6524
3226
4100
2411
4611
2688
3343
3201
3073
6291
2175
4010
3579
5869
5657
4743
1774
6061
3355
2946
2798
487
6570
6794
5319
3317
7251
4177
6345
6806
1611
928
614
2631
1137
2321
4487
2620
1857
6969
5532
289
967
6212
2563
5182
6067
7217
7150
2859
1007
925
1104
1817
1071
4118
5968
6171
1300
5531
5737
4753
1463
5842
202
3813
6801
6748
198
3188
5982
3084
4537
4197
6661
627
4146
993
7301
6848
4575
575
638
900
4700
5996
1219
4524
6542
6096
3956
3303
7139
5867
1660
4559
552
5240
4851
3048
6236
4536
4682
7070
6505
2703
5781
787
2167
3815
1850
2033
7020
2596
4713
5697
2290
5278
3653
3276
2225
6774
6944
515
2527
5262
2050
4514
305
3548
66
1896
796
4113
4984
4190
3406
1205
7379
3419
2622
349
6700
225
2414
144
584
662
366
393
4609
974
5935
3879
6056
4767
1957
4168
5726
3063
3950
1427
7105
5548
6183
1229
1738
3902
4827
1264
5111
7295
4775
3988
7364
6376
132
2282
185
4587
5860
1178
2189
2400
1177
6401
7266
6266
4369
2657
3618
7016
6187
2543
505
3520
2227
5274
263
1052
1855
7127
6702
4502
4961
3673
6858
241
5654
2609
2036
4795
6271
4264
1030
7205
3871
5680
6253
2892
6689
7130
3492
4125
2334
439
401
465
2846
6071
6280
1385
3590
1347
7226
4628
732
4686
1142
858
3510
6405
232
981
1632
180
5263
1217
1296
7348
4151
3212
102
2242
4324
2654
6217
7076
1792
2423
4033
5043
5356
5766
2067
309
1832
4088
3567
2431
5156
5720
2158
7270
181
6249
671
5105
6313
1508
5813
6956
1789
7358
3564
2551
6131
7199
3961
827
2864
3055
956
3888
1441
4110
5010
2562
4671
3949
5808
642
2547
859
6429
3205
135
2830
3432
4904
3391
3978
6457
126
2119
4669
2187
3370
1165
6879
5565
4405
6359
7456
4897
7058
2995
94
6736
275
1056
2944
851
2350
5947
6676
3004
6018
4608
3789
1790
692
6751
3184
3491
6083
4417
6642
6512
5866
2157
2970
7437
582
1223
369
2170
5627
6223
3080
694
5753
5518
1940
1234
4500
2091
4448
1773
2164
1006
5591
7064
3739
6729
2904
3952
6463
6876
2592
383
5609
7421
4186
3577
4635
236
2483
1846
5239
2133
5832
4389
6410
3514
6807
2841
2401
3026
477
3374
5121
5508
2850
6777
6668
5272
4534
4594
966
5365
468
2568
816
4878
1548
3760
1636
217
1273
873
1354
2638
6337
6419
7005
482
4678
5175
1070
1836
953
1292
6135
2538
3164
1498
7182
6831
4894
3477
4198
382
205
3528
3886
41
6151
7324
1721
2905
5694
2670
3293
3608
1954
4919
1806
2883
737
4907
2512
5425
7140
1479
4710
1438
2532
5962
1628
715
1943
3229
6495
6130
450
1895
1154
333
914
265
1706
4403
3709
7392
958
813
1495
837
201
4322
6883
4883
1559
7439
4220
7272
5649
4994
6834
7095
345
1100
6248
2837
1800
4840
3462
4637
6276
4913
1445
5323
1802
2966
2791
959
7284
651
6153
961
2615
1086
4734
2488
5177
7041
6853
2303
294
1311
1397
1951
831
4458
4881
1360
1844
2259
4482
1910
209
3642
3174
2913
5988
1575
5145
4348
3693
65
497
6437
6902
4596
864
6118
2741
6914
371
1146
2136
5399
5337
2439
6892
5124
7464
5685
6735
5484
1005
3726
2990
7152
415
5397
5034
7383
4917
364
5382
5775
1434
440
5118
7002
5664
3727
1350
3845
7242
1528
3804
5918
3523
3326
467
7128
2935
4051
2457
3186
2374
1757
3261
1204
520
4838
2890
5967
5671
7400
4914
3254
1841
6608
2059
6894
2884
2402
629
1796
4857
5083
5276
7228
5015
1259
6573
7407
1279
2954
2213
1085
46
6828
5553
4868
4148
6420
19
4708
2031
2161
4548
3744
4233
2478
519
2405
4647
6679
6240
5273
4607
1230
1041
1848
2160
2388
6357
240
4327
846
1327
3076
6900
6737
4295
6287
2682
717
7111
3013
2492
6648
955
7320
1785
6776
4331
7469
5375
7261
222
4049
1812
1587
4227
7478
1037
1582
2794
5501
6146
6538
6055
196
3521
7429
3482
7426
1208
3515
5065
171
299
5882
2276
970
5850
3626
1523
3332
4991
666
4940
6411
510
6334
7321
3219
7078
6314
6028
2150
6721
1641
3958
11
5076
7096
6311
1376
6128
20
4400
3337
5902
5739
6506
3437
7008
3784
4302
6725
7436
7213
1529
2590
3676
6567
576
7037
3862
6880
5952
6836
4987
5301
558
2808
2053
6044
5067
2017
6260
6352
2162
539
2844
1082
7314
3732
5291
1060
5847
243
2496
2676
3920
4572
16
5776
4491
4707
5544
4276
5822
1428
1170
2194
6797
4261
4779
248
5696
6868
7004
311
5687
2933
2193
5131
1864
3830
4652
4746
2725
6710
5979
1995
5702
5199
4309
4200
4314
4073
4876
493
1286
6746
4257
7087
7108
2286
2516
6707
3895
7291
3348
5788
1590
7317
1735
1379
3561
5224
5311
5481
7222
1390
4937
5529
2089
756
2073
6653
2298
5017
1831
4651
4976
5901
2026
1161
2114
991
932
5879
6078
5635
1058
5155
4014
1715
7156
1275
157
4963
674
4636
4298
773
4593
3088
2845
1128
5018
2696
5608
5338
7074
3127
360
3242
6021
1564
39
548
7100
1467
939
5585
4623
976
5811
1011
7125
2734
5503
5357
7476
6255
6403
4505
6436
5206
6545
4645
4214
6166
2038
2292
3238
5817
7252
848
2718
3339
6696
4606
5863
7472
80
3882
5628
2273
1416
318
409
616
4457
6478
4328
3614
4000
1342
1764
1720
1
203
3801
7411
4422
7342
2690
1210
2793
943
4525
951
147
6953
5472
7062
1565
3635
4633
5158
3629
2501
5052
2758
4738
5236
997
4499
1902
1695
4871
412
2311
4755
1526
6884
4866
119
1901
4889
2112
1603
4421
2229
4531
2327
6082
2011
3931
5443
4504
1152
4847
4354
3463
892
1321
4461
748
4644
4870
6761
2977
1278
3234
834
2974
7227
2506
2853
1102
4684
5237
5410
1324
434
6065
5097
1069
3551
2997
2627
2866
4281
3361
4433
1525
3360
1733
5297
5012
743
1087
3248
5148
7257
3582
1072
818
1605
78
4995
4406
2379
821
1739
6097
3640
5730
3291
3086
327
7309
6722
1830
664
5021
1655
3700
6124
6219
6502
3281
6764
524
6016
1626
3501
4701
1181
3881
4074
3872
3794
1666
1562
741
5318
3289
3066
71
2048
4573
4136
3974
6952
659
5937
4385
6973
4011
4711
7122
6181
871
3378
3953
3347
6070
5464
1667
1524
810
1119
1627
606
1779
4258
182
5594
7387
6717
1237
1367
2266
5441
7170
6184
5135
1386
6268
2396
4285
2712
6469
1579
6169
6604
3837
4454
6057
204
6592
6432
4350
6672
7094
5545
4001
1374
5125
1885
2280
1430
2992
1816
2080
5204
2767
6000
6590
3102
4613
3239
4764
1677
7046
6527
7240
4513
4860
2987
5584
4050
2357
5919
1284
5905
1474
3161
5064
7012
1737
107
3878
6980
3058
5146
3774
971
5799
7480
3569
4690
5666
4195
4238
5961
3798
744
404
2843
2509
7063
5455
5427
4230
562
3563
3191
6666
6967
380
237
6591
1919
952
3912
687
2515
1126
1174
7408
1304
1381
1924
5637
5597
2271
3714
5314
3027
5542
31
761
2666
3050
6222
926
2313
1246
1903
7259
5445
663
2783
2069
4304
2694
6744
6238
4501
2635
4982
5922
6754
3666
6823
2708
523
6552
4856
5242
1346
6355
595
941
5201
1693
4834
3933
4155
5676
5522
2384
3735
2809
6180
4778
4730
5437
1712
3791
3479
2380
6489
4946
5475
5095
3842
1734
87
4459
372
1965
3430
3253
2159
1051
1129
587
3979
4278
152
5324
7357
5461
2163
6891
3301
2721
3982
4426
142
1151
3160
5492
2932
2000
7355
4817
4546
2305
2248
2900
4932
989
6938
2910
7053
4696
3288
4807
1604
4390
1496
2113
6006
3415
3052
123
6447
5045
6647
6768
1270
223
6719
1486
1387
7241
4959
1928
4176
5325
6134
7085
6501
2943
3562
6977
4219
6487
218
6239
1419
6606
339
5113
5086
173
28
1269
4670
6871
6206
4845
6068
7278
5989
4163
348
5140
4423
3929
296
4432
5212
2526
3404
571
5430
2154
1175
4251
3456
3746
5459
1607
3046
5192
824
724
7238
5420
3125
3565
7207
1378
560
3442
2054
1676
4211
4253
811
4503
1193
290
6098
3748
1976
6632
255
6808
6829
3128
6232
7089
5112
975
764
5381
3395
7465
7416
3518
4809
2456
5750
6927
1897
2936
2691
2209
4571
5931
755
5955
3678
2179
2652
4169
6695
4399
2486
3761
7230
3390
5327
1811
50
2513
3439
1064
2005
1231
3358
6358
1002
6547
2354
3832
2641
4978
2604
4263
2427
2880
5109
6428
4535
5858
1466
6133
1341
3893
2991
725
4254
199
3925
3558
1090
7136
3611
6148
3092
3476
528
6699
6033
2922
4818
4898
1399
6435
6860
4993
2647
7376
1315
210
6815
177
1179
4640
4212
3634
5005
876
1884
3258
3987
4558
6940
4654
5229
4799
3156
2834
7120
7048
4630
5415
5803
2126
2560
2188
2941
5745
3914
4677
7050
3650
3671
3299
5102
2746
4303
7115
403
6101
550
5510
2432
3318
1109
1133
6387
5347
6683
1573
6711
812
3392
3498
6554
1456
3187
2980
1948
5219
4533
5740
2137
7218
3866
3478
3199
7023
5256
3364
4626
3946
6243
1840
3335
4352
2385
2952
6138
5202
6085
2469
5014
4948
253
3513
4816
7151
4562
6395
3367
6921
1260
4781
6053
323
377
6765
5119
906
5848
3409
6753
422
258
7057
1472
2200
3588
3116
3198
6155
5734
1318
1987
1929
4631
6928
3230
5779
5583
121
2643
4374
1821
3783
1615
5013
5457
4615
6678
4689
376
7462
7467
6305
1741
6701
1127
5711
408
4892
3655
4301
2587
2074
2570
3681
1534
1497
6188
643
3275
2632
6514
2835
3531
42
6375
7119
2533
4646
3385
1013
1742
1248
790
6005
6007
6029
7045
2510
4091
3436
15
885
7079
847
5526
7112
2549
4737
6446
3294
3292
2015
4395
300
7303
5825
2605
4133
1550
2434
5672
2454
6912
1960
266
6173
5069
4702
6192
7356
6366
1283
6054
2717
5479
4262
3388
5862
6697
2455
7367
1971
1294
2502
473
6922
5181
322
194
5080
387
1933
2964
917
3380
5396
3811
1595
6865
3601
2821
5652
7203
2116
1224
4335
2360
4259
2399
1671
76
7271
2129
4325
1908
4034
5633
4823
7173
3702
4445
4528
832
7109
1371
1918
1216
1024
1740
5877
4986
1571
702
3899
7289
6781
6655
2988
3310
3306
6182
6147
4080
5504
4083
5160
2675
1025
4729
1476
3759
1065
6920
6835
3849
6559
413
2190
7298
6941
2969
6372
451
391
7454
6688
153
6073
286
678
1668
6063
2364
7316
7449
5122
5207
397
6845
1530
804
825
1433
5419
5188
3993
6440
5023
2217
4966
1182
3880
2436
3334
2345
7211
4675
3222
6720
2878
3869
5896
2617
1290
2047
6778
978
5787
726
2581
6981
5390
5874
1958
6035
626
293
1931
691
5280
6108
424
3754
254
4139
1997
1131
2195
4908
4506
4062
278
2083
1461
2390
3397
5566
6427
4383
2267
7098
2203
1961
310
570
985
4274
3819
5482
3443
2315
406
5264
2829
6284
4102
459
5974
5770
564
3930
3790
1851
7162
207
842
5342
5809
7345
4391
3417
665
872
5802
4283
7293
2795
7204
2269
114
5688
5976
3898
62
4002
3883
6246
1781
5906
1985
2939
5929
6584
2824
2044
6011
1722
6832
6541
2166
5100
1226
3454
6775
6481
6449
1637
3981
2429
3593
5659
5081
5698
2041
6393
3848
3138
530
4653
2958
2872
5395
6179
7033
3209
1505
5709
7038
4194
5093
1009
4517
4236
1993
2325
2660
3985
841
3139
5948
6546
905
653
7399
3543
4030
3493
6772
7237
5350
4522
283
3240
762
3718
2419
4519
5563
2331
3474
99
3532
5451
509
1891
2711
2813
3807
4442
3507
2012
6326
405
5099
6821
5179
5632
6998
6126
6254
2868
6123
3496
3056
3516
7026
3340
3812
593
164
6897
3823
6553
6467
1256
2376
7214
5303
2460
3266
5002
700
7311
4042
2726
0
819
5644
2989
6215
963
2918
6285
2603
1319
1076
6430
3909
718
5621
4508
5088
5830
3805
174
2671
32
2317
3829
2825
3745
3009
6050
6562
6594
155
6412
3177
3643
1095
1380
2806
3271
3809
2636
5898
3313
7297
6161
1040
5554
4147
7011
7129
6379
1081
417
2968
794
7444
2046
4353
73
6221
5238
3117
1485
5574
5614
3078
3057
5914
1506
3833
2173
5279
268
191
1921
6121
3322
5220
1725
6399
7081
7165
1936
6351
594
1107
63
3897
4759
5157
3060
6139
1568
2444
474
5284
1787
2870
3490
3506
3111
3951
7287
478
5729
3041
2153
5884
3131
7351
3228
1491
6577
2077
5651
7148
3967
7229
4980
2254
4424
260
3100
3008
2149
167
7398
2264
2316
3227
5725
2536
4936
844
2720
1228
7025
1245
4563
2479
2022
1949
6572
7386
6994
4452
5727
6466
3172
432
1880
3353
5008
923
3908
7318
1195
7164
5821
4555
2888
6964
208
5051
6571
6533
1878
159
1055
3764
4386
7353
1711
1513
2344
5995
2706
229
4748
3775
5892
1314
1992
469
688
6731
2477
4375
1326
313
569
4056
5138
4745
452
2577
3919
442
4796
224
267
61
799
5380
4379
438
2437
7445
7269
1744
5261
1000
7286
285
4735
1255
2381
1729
2716
4622
3782
6362
704
3997
4821
6716
3664
7196
6930
1690
6948
6100
7282
3414
1980
118
138
3224
780
6687
2960
5742
4663
5887
4020
2546
5769
5092
351
4420
2240
1770
5624
7083
1015
592
3345
3818
1489
2754
1473
5185
4819
7220
6631
1409
4996
2019
4490
2168
3154
946
5123
6686
3483
6443
4773
1753
6426
2123
1982
2243
6713
86
6455
4175
2420
6587
4084
5116
486
470
735
1188
705
3831
5525
2332
2021
1622
4231
2447
5908
2
5171
5977
7336
1709
7360
7256
670
3087
3495
1483
6551
98
6838
7065
269
7034
3257
783
1514
7194
6627
6149
2010
4581
6091
7084
4769
7423
3182
3713
90
1968
2389
1050
4294
4955
5267
7030
1484
1696
4036
7174
3327
1057
3075
4141
227
888
1888
1700
2986
1375
5916
4718
4685
4667
2117
1780
3560
2319
3145
1239
7340
1190
7003
2863
3502
7235
2107
1267
2300
6709
3049
920
4078
6365
365
5235
597
1426
3803
6397
6199
5954
2814
6739
652
4539
910
3083
3796
5836
5999
2287
5768
5595
2355
5053
6119
2925
2840
4114
2756
2742
2848
2800
4681
3821
972
1519
287
5943
5364
3851
3749
3841
2893
2428
5577
5295
5061
2489
5550
2076
753
4216
2668
6226
6464
3381
964
7263
930
3824
2210
6384
6895
5363
1062
5196
7292
378
5870
2392
4312
3889
672
6946
3941
5020
880
4019
1298
5130
4292
1157
4590
949
5460
5681
6498
3450
2917
3416
3110
4479
3641
4574
3894
915
1883
6140
5843
1394
2465
1594
7432
4802
2857
3499
6385
2035
7448
3571
6407
1281
6241
5800
1612
3903
2404
6251
6406
1544
3251
6844
7447
1585
2885
2342
6862
1125
5619
5003
6145
2762
931
5798
6798
6811
1899
1329
7458
849
4117
3545
3711
602
1254
3070
3211
3445
6530
2672
5759
6692
5022
2803
7315
4939
1839
3329
5126
7134
2640
5978
2548
472
4831
4688
504
5558
2629
7154
6763
3852
6750
889
5075
2346
5027
5320
6186
731
6136
1915
5965
4288
830
3720
4373
7385
6528
5567
3068
1396
2127
3740
2928
5309
4123
4618
295
1089
7121
7043
3204
566
5153
5255
639
3104
5909
3362
6327
6531
4583
5928
1282
6347
1629
2889
4964
5101
4359
2288
3324
6875
5407
7414
2625
730
5747
1455
6386
2777
1730
2740
2057
4455